101 3.7 10
102 4.2 10
103 5.0 6
104 4.5 7
105 3.3 7
106 2.6 12
107 4.0 10
108 3.3 7
109 3.7 3
110 4.7 6
111 2.6 13
112 4.0 10
113 3.3 7
114 3.8 4
115 4.5 8
201 4.6 9
202 3.5 1
203 3.7 5
204 2.6 13
205 2.0 4
206 3.6 5
207 4.1 9
208 2.8 6
209 2.5 1
210 3.0 12
211 3.2 4
212 4.0 8
213 3.1 7
214 2.5 1
215 2.8 11
301 4.5 11
302 4.3 11
303 4.1 3
304 3.5 4
305 4.1 9
306 3.4 8
307 2.5 8
308 3.8 2
309 2.7 6
310 2.4 8
311 3.6 5
312 2.1 7
313 3.9 3
314 2.7 8
315 2.2 7
401 3.7 5
402 3.2 8
403 4.1 2
404 3.5 11
405 4.3 5
406 2.9 3
407 2.5 8
408 4.2 1
409 3.4 6
410 1.9 9
411 2.9 3
412 2.7 9
413 4.2 1
414 3.5 7
415 2.0 10
501 3.0 7
502 3.1 7
503 3.2 6
504 4.0 7
505 3.4 8
506 3.2 5
507 2.4 3
508 4.4 4
509 4.1 3
510 3.2 4
511 3.2 5
512 2.4 3
513 4.4 4
514 4.1 3
515 3.2 5
601 3.6 6
602 4.1 4
603 4.7 6
604 3.5 2
605 3.1 5
606 3.4 5
607 4.7 9
608 2.3 1
609 4.2 9
610 3.9 5
611 3.4 5
612 4.8 8
613 2.3 1
614 4.3 8
615 3.9 6
701 3.7 5
702 3.8 7
703 4.3 5
704 4.0 3
705 4.4 3
706 5.9 1
707 3.1 4
708 3.7 5
709 2.6 5
710 2.3 8
711 4.0 3
712 4.1 4
713 3.0 8
714 3.6 10
715 3.9 9
801 3.8 11
802 4.1 4
803 4.5 8
804 3.5 4
805 3.1 5
806 3.3 6
807 4.8 8
808 2.3 1
809 4.3 9
810 4.2 6
811 3.7 6
812 4.8 8
813 2.3 1
814 4.3 8
815 3.7 5
901 3.6 6
902 4.2 3
903 4.7 6
904 3.5 2
905 3.1 5
906 3.4 5
907 4.8 8
908 2.3 1
909 4.3 8
910 4.1 4
911 3.4 5
912 4.8 8
913 2.3 1
914 4.3 8
915 3.7 5
1001 3.6 6
1002 4.2 3
1003 4.7 6
1004 3.5 2
1005 3.1 5
1006 3.4 5
1007 4.8 8
1008 2.3 1
1009 4.3 8
1010 4.1 4
1011 3.4 5
1012 4.8 8
1013 2.3 1
1014 4.3 8
1015 3.7 5
